1000
19883	58711	18903	81301	15106	28259	43520	37924	10944	28763
10312	50235	38102	83463	24467	89540	12883	99243	26392	35020
38834	18886	65759	36828	55211	91452	32936	9761	15533	78398
74838	56798	94191	17847	97986	70093	68826	65197	89956	45905
7809	25774	20712	59714	34758	64486	51930	24143	30623	42724
71187	22929	69333	19161	716	97225	63402	90213	99519	54345
43685	71767	91428	70931	23345	3194	5159	35286	60880	26793
42039	78840	25564	65814	19104	12264	48291	70371	92162	17949
70233	81839	86428	92560	69636	3678	76385	92107	29449	39123
94196	50463	9041	81269	76367	75870	16148	76875	18905	87860
96035	84389	82988	89870	93232	71382	94045	9971	51071	74016
77593	69057	58517	74525	59434	719	41000	22325	12866	44687
88099	67545	94865	86958	94981	31270	50701	41579	16999	20525
54314	84517	16816	86205	93004	80570	53260	77627	57062	74143
37706	49202	30341	78793	18055	17818	323	77305	27051	41012
15659	39300	97149	3445	87852	11960	34558	83708	9572	99293
97888	55322	3548	27720	69832	76033	27229	34417	37734	22571
75665	36886	80726	55218	92864	65178	13223	94264	1048	8077
34639	56416	97305	33361	58466	88397	94213	65501	6138	67377
10690	38084	50065	24851	10467	37669	98392	92868	5692	87506
57106	76960	61195	44113	54392	83340	21502	94352	77129	10959
52502	89124	51919	57790	88016	37818	10825	73355	26497	79035
63134	34795	2515	64145	89283	71169	88405	1454	96435	59106
25460	53845	3192	13259	5523	63456	10901	51150	96075	1789
49204	47438	43397	10139	16571	52674	77161	93530	94163	90925
12190	61312	1118	33038	70037	34004	16447	35482	56464	77624
78318	93905	64965	29100	46756	13789	31951	80397	69522	89498
10033	72394	31142	82350	36524	76556	66453	51239	79249	82674
93800	41018	76287	13234	21376	4353	34173	99970	50950	89884
52453	62832	34957	28557	34986	41377	80213	99310	32859	58529
75289	24790	61622	61047	85394	83831	50972	49695	86226	2666
30069	5651	5920	77060	93981	58101	9984	36306	17013	84707
56764	80556	69029	62564	70332	15231	48626	96631	79618	15085
61351	50514	59705	31926	92085	43797	56115	3323	7276	60945
72563	97550	71405	54285	39136	5216	67891	28712	28034	77602
53194	6656	59239	40910	95891	3027	31480	43858	43151	50614
62361	43839	12467	96536	71736	7878	9584	8596	56086	84932
28091	99431	12047	72819	42473	46305	27514	57739	21635	62945
27011	93560	79766	52913	74951	24854	86070	60360	78975	24684
83477	22633	39994	29925	70966	92407	22133	8257	69688	40959
38791	11247	94579	13645	51239	36032	63794	43534	47419	29954
84959	3844	22788	65926	1882	67378	91659	79401	20704	81797
33750	44257	96820	60784	18720	6621	21263	33860	23891	4454
22924	4284	45202	91928	10158	90941	6631	10669	36189	87667
42342	18561	82868	32633	27315	2823	85139	20484	65346	62164
41258	53393	38209	97949	3188	17177	54727	48980	74718	80127
48544	88201	82277	59569	40515	9300	29297	65481	1414	132
17844	33056	51313	69024	25637	86772	27409	45375	21764	3169
2473	32527	28609	86540	10727	21560	90063	69578	21655	30779
89982	67182	65573	27650	14859	85964	47444	47580	33059	56469
97061	1463	58121	62958	69984	5900	14219	94623	3079	40581
26989	24983	36520	36257	7196	60018	16924	42551	468	99896
4896	29660	50486	91511	9647	901	89556	50883	6456	10147
6028	91211	67163	39505	69296	25467	94163	52425	81911	57743
73703	49524	31258	91553	17276	83814	34450	28549	9850	8334
59170	82567	62273	41379	38062	37964	32840	20218	51917	85831
11393	43866	93331	94298	92856	64540	36844	6066	48353	38402
18467	93615	85109	55275	9210	61219	63515	96654	57536	62034
98485	83211	84495	37510	71152	69733	3435	54565	24149	61393
67007	50096	11513	50664	80724	88711	88154	15447	57154	60797
96065	80196	17530	53299	20573	94775	90582	16754	47463	66848
97099	70279	82785	69525	28279	62161	11518	88050	77235	23294
29	94191	99309	22138	27550	9521	98305	21325	53737	25230
77247	93986	23215	22632	54840	74977	44413	86024	65868	76684
36904	84666	28157	34144	81201	31018	98321	23285	18591	23024
63408	17074	10148	58000	67400	38322	70160	56638	70451	4446
65190	71465	21020	22980	76149	95294	30257	29988	43764	2771
70273	13443	97567	77575	41164	89030	76179	7796	77031	94961
23340	1853	61017	91829	67369	14253	62129	68962	43340	87853
85540	60252	31567	87922	23167	98326	83711	29372	87707	44665
14455	5861	45643	54597	32660	37631	48500	89722	97556	25522
11092	1112	32211	90412	38447	84551	7332	55175	59174	62134
16709	91438	39407	40826	56796	33867	43820	27860	11934	73929
58316	86073	9342	8984	3358	27533	71504	34172	28428	34130
62105	46296	83876	88079	61375	18605	46070	48239	20804	10895
59652	17375	83961	90779	94598	11608	82519	60155	34870	70631
51247	78504	56196	91358	47775	15070	41722	35312	64749	43257
31491	79096	421	21104	13564	65320	36211	21647	52865	96927
18433	42477	29598	93173	30834	64609	95883	16832	92265	62328
2775	64302	24233	43488	9729	96017	70176	42506	39713	17966
33710	38479	10679	49861	51773	34631	6923	89582	96751	70167
5052	43431	69156	33603	40192	35681	98078	62077	89676	22446
46269	36587	31715	66120	45695	39213	22757	27396	84618	82297
74949	67801	7522	13667	68069	78588	1730	54533	77938	63307
33866	61584	18521	26326	94977	87076	20853	92462	22586	38267
26731	23879	92915	52456	66798	74615	87689	10930	23131	56375
75182	81791	79509	310	46536	25873	67943	88051	83328	27006
50499	22275	17792	99329	23269	64738	94711	78792	66825	64788
32452	72191	81275	33888	91048	65223	29637	86048	96011	72410
55538	41049	60392	83207	93929	96437	23863	28234	80858	92261
92030	53219	62070	51107	58264	18517	10327	84853	45196	87232
52216	99927	9711	53105	61250	89484	94959	701	11688	39836
53093	11996	24463	81345	29879	50254	62485	99254	55471	97563
89935	14518	39435	13434	28861	14804	83460	58929	50400	59675
20296	89644	93433	69045	26188	83212	27381	13247	70397	79133
95933	99558	47480	77730	4834	2279	47484	36001	93026	32443
50700	85220	33688	17406	89668	71344	93043	36348	65891	39891
88591	34311	8889	65457	44010	88845	29143	55250	46953	57532
89467	475	37517	72854	94207	80527	24156	90110	22399	63514
70847	92561	84789	56488	37406	91803	69316	65070	55534	56831

10 
305	144	66	500	178	714	106	737	65	71

0
